1146
1145
1144
1143
1142
1147
1150
1149
1148
1131
1130
1129
1104
1102
onestop
1137
1138
1139
1140
1202
1204
1207
1205
1203
1201
1208
1210
1212
1323
1324
1325
1326
1327
1328
1317
1318
1319
1320
1321
1322
1213
1211
1209
1108
1113
1114
1115
1116
1117
1121
1119
1118
1120
1122
1127
1350
1348
1349
1347
1309
1346
1308
1307
1306
1305
1311
1310
1312a
1315
1313
1128
1126
1125
1124
1123
1339
1344
1343
1342
1341
1340
1338
1334
1333
1332
1335
1336
1345
1304
1303
1301
1501
1457b
1455
1458
1459
1460
1461
1462
1448
1487
1486
1484
1483
1482
1450
1451
1452
1453
1454
1480
1442
1443
1444
1445
1446
1440
1439
1479
1478
1476
1475
1474
1436
1437
1438
1401
1422
1421
1420
1419
1418
1432
1433
1471
1472
1430
1431
1417
1416
1415
1411
1413
1412
1410
1409
1427
1428
1469
1468
1467
1466
1465
1464
1425
1426
1407
1406
1470
1457
